Vertex: (7.88956, 1.15033, -2.17365)
Vertex: (2.21281, 1.15033, -2.23041)
Vertex: (0.068023, 1.15033, -7.9235)
Vertex: (-2.15131, 1.15033, -2.25486)
Vertex: (-7.81741, 1.15033, -2.26156)
Vertex: (-3.52313, 1.15033, 1.88812)
Vertex: (-4.86932, 1.15033, 6.98755)
Vertex: (-0.006854, 1.15033, 4.47305)
Vertex: (4.83813, 1.15033, 7.04188)
Vertex: (3.53815, 1.15033, 1.92765)
Vertex: (0.033757, 0, -0.314657)
Vertex: (0.035668, 2.26953, -0.312831)
Vertex: (7.88956, 1.15033, -2.17365)
Vertex: (2.21281, 1.15033, -2.23041)
Vertex: (0.068023, 1.15033, -7.9235)
Vertex: (-2.15131, 1.15033, -2.25486)
Vertex: (-7.81741, 1.15033, -2.26156)
Vertex: (-3.52313, 1.15033, 1.88812)
Vertex: (-4.86932, 1.15033, 6.98755)
Vertex: (-0.006854, 1.15033, 4.47305)
Vertex: (4.83813, 1.15033, 7.04188)
Vertex: (3.53815, 1.15033, 1.92765)
Vertex: (0.033757, 0, -0.314657)
Vertex: (0.035668, 2.26953, -0.312831)
Vertex: (7.88956, 1.15033, -2.17365)
Vertex: (2.21281, 1.15033, -2.23041)
Vertex: (0.068023, 1.15033, -7.9235)
Vertex: (-2.15131, 1.15033, -2.25486)
Vertex: (-7.81741, 1.15033, -2.26156)
Vertex: (-3.52313, 1.15033, 1.88812)
Vertex: (-4.86932, 1.15033, 6.98755)
Vertex: (-0.006854, 1.15033, 4.47305)
Vertex: (4.83813, 1.15033, 7.04188)
Vertex: (3.53815, 1.15033, 1.92765)
Vertex: (0.033757, 0, -0.314657)
Vertex: (0.035668, 2.26953, -0.312831)
